QCD_fwd1brpf_par0: 0.211286206412 +/- 0.0163374952443
QCD_fwd1brpf_par1: 0.171427470237 +/- 0.0949076867238
QCD_fwd1brpf_par2: -0.483342422389 +/- 0.315773292432
QCD_fwd1brpf_par3: 0.499944052318 +/- 0.285089552245
QCD_fwd1brpf_par4: 5.8335908748 +/- 0.652586382095
