QCD_fwd1brpf_par0: 0.236187183599 +/- 0.0179748526245
QCD_fwd1brpf_par1: 0.0772234683366 +/- 0.131545572035
QCD_fwd1brpf_par2: 0.279363528958 +/- 0.432024990388
QCD_fwd1brpf_par3: -0.201292028063 +/- 0.392939183218
QCD_fwd1brpf_par4: 4.40087678869 +/- 0.539362144284
