QCD_rpf_par0: 0.00307005603355 +/- 0.0022084062027
QCD_rpf_par1: -0.0165490338763 +/- 0.0123305701707
QCD_rpf_par2: 0.0519368270766 +/- 0.0406732930673
QCD_rpf_par3: -0.0380385039344 +/- 0.0315689948499
QCD_rpf_par4: 45.6088113537 +/- 35.4495946795