QCD_cen0brpf_par0: 0.0177125482904 +/- 0.00421965280724
QCD_cen0brpf_par1: 1.26850375461 +/- 0.0280109421751
