QCD_fwd2brpf_par0: 0.874379452643 +/- 0.0924944562697
QCD_fwd2brpf_par1: 6.10489781655 +/- 1.40164461483
QCD_fwd2brpf_par2: -10.525527646 +/- 4.36381025604
QCD_fwd2brpf_par3: 5.30513899137 +/- 3.86225542101
QCD_fwd2brpf_par4: 0.559328907589 +/- 0.244460786932
