QCD_rpf_par0: 0.00351562308379 +/- 0.00190529350599
QCD_rpf_par1: -0.0163594659136 +/- 0.00926190312261
QCD_rpf_par2: 0.046927758317 +/- 0.0285419236839
QCD_rpf_par3: -0.0313506357808 +/- 0.0209473092209
QCD_rpf_par4: 41.393840292 +/- 24.937925209