QCD_cen1brpf_par0: 0.198907937472 +/- 0.0128811555151
QCD_cen1brpf_par1: 0.238015046959 +/- 0.0992913688609
QCD_cen1brpf_par2: -0.633603702327 +/- 0.282827551181
QCD_cen1brpf_par3: 0.56731445495 +/- 0.230387572977
QCD_cen1brpf_par4: 11.9140973117 +/- 1.06493246173
