QCD_rpf_par0: 2.44597492389 +/- 0.00769871481661
QCD_rpf_par1: 0.350285584933 +/- 0.0364531370514