QCD_fwd0brpf_par0: 0.0368480464724 +/- 0.00643774896083
QCD_fwd0brpf_par1: 0.746802691879 +/- 0.023306676282
