QCD_cen0brpf_par0: 0.0288373617492 +/- 0.00519257427974
QCD_cen0brpf_par1: 1.33217236444 +/- 0.0353917847757
