QCD_fwd2brpf_par0: 1.286460396 +/- 0.128220541282
QCD_fwd2brpf_par1: 0.545829481317 +/- 1.79364605677
QCD_fwd2brpf_par2: 5.76831720869 +/- 5.76166459308
QCD_fwd2brpf_par3: -5.33308466128 +/- 5.3020253662
QCD_fwd2brpf_par4: 0.308133883292 +/- 0.259378805586
