QCD_cen2brpf_par0: 0.95882413444 +/- 0.0984354145824
QCD_cen2brpf_par1: 2.31151569983 +/- 1.30869379258
QCD_cen2brpf_par2: -2.75846531175 +/- 3.8929912016
QCD_cen2brpf_par3: 2.0540040688 +/- 3.31330967188
QCD_cen2brpf_par4: 2.14882411683 +/- 0.551311727978
