QCD_fwd1brpf_par0: 0.254147228013 +/- 0.015947293978
QCD_fwd1brpf_par1: 0.0802555448707 +/- 0.123139252349
QCD_fwd1brpf_par2: -0.384578094715 +/- 0.400003320434
QCD_fwd1brpf_par3: 0.900034210278 +/- 0.378619185321
QCD_fwd1brpf_par4: 4.69351487376 +/- 0.483726960139
