QCD_cen1brpf_par0: 0.157903561264 +/- 0.0140030417307
QCD_cen1brpf_par1: 0.350947640999 +/- 0.103214688169
QCD_cen1brpf_par2: -0.889155744851 +/- 0.298436136057
QCD_cen1brpf_par3: 0.721742608355 +/- 0.246597752318
QCD_cen1brpf_par4: 13.546777024 +/- 1.57278699421
