QCD_cen1brpf_par0: 0.184019485195 +/- 0.0135008438169
QCD_cen1brpf_par1: 0.349931687373 +/- 0.0981377520236
QCD_cen1brpf_par2: -0.836797120089 +/- 0.305666596306
QCD_cen1brpf_par3: 0.628390775883 +/- 0.260316316886
QCD_cen1brpf_par4: 11.0528558203 +/- 1.0968079589
