QCD_fwd0brpf_par0: 0.0370790549385 +/- 0.00458169181218
QCD_fwd0brpf_par1: 0.782353076563 +/- 0.0165063940595
