QCD_fwd2brpf_par0: 1.05432777922 +/- 0.147835523383
QCD_fwd2brpf_par1: 4.73173469398 +/- 2.19214042165
QCD_fwd2brpf_par2: -10.1775995319 +/- 7.63660689806
QCD_fwd2brpf_par3: 9.98029154272 +/- 7.61026341695
QCD_fwd2brpf_par4: 0.469030620052 +/- 0.337688492955
