QCD_cen2brpf_par0: 1.18355606756 +/- 0.124912615374
QCD_cen2brpf_par1: 2.83991389102 +/- 1.63050141699
QCD_cen2brpf_par2: -5.21826832687 +/- 4.77881801861
QCD_cen2brpf_par3: 3.9966135212 +/- 3.95207503941
QCD_cen2brpf_par4: 1.69789885785 +/- 0.587395343999
