QCD_rpf_par0: 0.00637225132816 +/- 0.0037036630014
QCD_rpf_par1: -0.0334315140191 +/- 0.0207580444013
QCD_rpf_par2: 0.103599718373 +/- 0.0691646999414
QCD_rpf_par3: -0.0590135813946 +/- 0.0470781448381
QCD_rpf_par4: 27.2413199417 +/- 18.620121911