QCD_cen2brpf_par0: 0.930526548555 +/- 0.134593452355
QCD_cen2brpf_par1: 1.55080279981 +/- 1.7047113343
QCD_cen2brpf_par2: 0.853717463416 +/- 5.37865974044
QCD_cen2brpf_par3: -1.7301177413 +/- 4.82594026072
QCD_cen2brpf_par4: 2.40990548727 +/- 0.905905564895
