QCD_fwd0brpf_par0: 0.0293929563514 +/- 0.00549420919981
QCD_fwd0brpf_par1: 0.680464083908 +/- 0.019224034678
