QCD_cen0brpf_par0: 0.0206933033333 +/- 0.00384882092511
QCD_cen0brpf_par1: 1.45389735981 +/- 0.0255295096714
